7892504
7892510
7892511
7892515
7892518
7892519
7892520
7892530
7892533
7892540
7892549
7892556
7892562
7892563
7892565
7892575
7892584
7892586
7892591
7892595
7892608
7892612
7892613
7892617
7892620
7892636
7892637
7892646
7892654
7892661
7892667
7892668
7892669
7892677
7892685
7892690
7892694
7892699
7892707
7892710
7892711
7892712
7892713
7892719
7892720
7892721
7892732
7892735
7892738
7892746
7892747
7892752
7892763
7892764
7892765
7892782
7892783
7892784
7892788
7892790
7892795
7892796
7892801
7892803
7892812
7892816
7892817
7892819
7892820
7892821
7892825
7892826
7892839
7892846
7892848
7892850
7892860
7892863
7892865
7892869
7892870
7892875
7892877
7892881
7892890
7892891
7892899
7892900
7892903
7892906
7892919
7892922
7892923
7892924
7892925
7892926
7892928
7892930
7892937
7892953
7892954
7892956
7892959
7892960
7892969
7892972
7892973
7892976
7892987
7892991
7892993
7892994
7892998
7892999
7893000
7893001
7893008
7893012
7893028
7893029
7893032
7893034
7893035
7893037
7893051
7893058
7893059
7893060
7893064
7893077
7893082
7893084
7893085
7893087
7893089
7893093
7893096
7893101
7893105
7893108
7893111
7893116
7893119
7893120
7893125
7893130
7893132
7893136
7893140
7893141
7893147
7893148
7893152
7893153
7893164
7893168
7893184
7893187
7893192
7893194
7893198
7893205
7893207
7893208
7893211
7893218
7893220
7893229
7893231
7893235
7893236
7893238
7893240
7893241
7893242
7893244
7893247
7893252
7893255
7893261
7893262
7893265
7893268
7893270
7893277
7893283
7893288
7893289
7893297
7893303
7893306
7893309
7893321
7893332
7893334
7893338
7893345
7893353
7893354
7893364
7893380
7893391
7893392
7893393
7893395
7893402
7893406
7893414
7893416
7893418
7893423
7893434
7893435
7893437
7893449
7893451
7893452
7893467
7893469
7893473
7893480
7893483
7893486
7893487
7893490
7893494
7893498
7893503
7893515
7893526
7893536
7893539
7893540
7893543
7893544
7893545
7893551
7893557
7893559
7893563
7893564
7893569
7893573
7893592
7893598
7893599
7893605
7893606
7893609
7893613
7893618
7893632
7893633
7893634
7893638
7893645
7893653
7893660
7893661
7893662
7893666
7893670
7893672
7893675
7893677
7893685
7893686
7893689
7893699
7893701
7893705
7893708
7893710
7893711
7893713
7893715
7893719
7893722
7893725
7893727
7893728
7893731
7893736
7893739
7893745
7893753
7893758
7893762
7893763
7893777
7893779
7893781
7893783
7893789
7893795
7893798
7893802
7893808
7893818
7893820
7893827
7893832
7893835
7893836
7893838
7893853
7893864
7893872
7893874
7893875
7893893
7893914
7893916
7893919
7893920
7893922
7893929
7893933
7893936
7893937
7893938
7893939
7893940
7893949
7893950
7893953
7893956
7893959
7893960
7893965
7893970
7893972
7893981
7893982
7893991
7893993
7893998
7894000
7894005
7894007
7894012
7894023
7894029
7894031
7894036
7894037
7894042
7894053
7894054
7894057
7894058
7894064
7894065
7894066
7894068
7894071
7894072
7894076
7894079
7894083
7894087
7894094
7894098
7894101
7894102
7894117
7894118
7894119
7894130
7894131
7894135
7894138
7894143
7894145
7894154
7894155
7894161
7894162
7894171
7894181
7894185
7894186
7894188
7894189
7894190
7894192
7894195
7894207
7894213
7894218
7894221
7894229
7894230
7894232
7894235
7894239
7894249
7894254
7894256
7894263
7894264
7894265
7894266
7894278
7894301
7894306
7894308
7894309
7894310
7894314
7894320
7894324
7894325
7894327
7894336
7894358
7894361
7894364
7894376
7894377
7894378
7894392
7894396
7894397
7894400
7894406
7894407
7894410
7894413
7894416
7894419
7894421
7894431
7894456
7894463
7894464
7894474
7894487
7894498
7894506
7894519
7894520
7894523
7894526
7894530
7894533
7894536
7894543
7894548
7894556
7894565
7894567
7894568
7894573
7894578
7894583
7894584
7894590
7894591
7894596
7894599
7894601
7894612
7894613
7894617
7894621
7894624
7894626
7894628
7894630
7894634
7894637
7894642
7894644
7894645
7894647
7894653
7894657
7894659
7894662
7894673
7894678
7894689
7894693
7894706
7894708
7894713
7894714
7894729
7894733
7894741
7894748
7894751
7894757
7894767
7894770
7894772
7894774
7894775
7894779
7894780
7894782
7894784
7894787
7894788
7894789
7894795
7894796
7894799
7894800
7894801
7894803
7894806
7894807
7894812
7894813
7894817
7894825
7894834
7894836
7894838
7894840
7894859
7894866
7894872
7894876
7894877
7894879
7894882
7894889
7894890
7894891
7894897
7894901
7894904
7894908
7894909
7894911
7894931
7894934
7894937
7894941
7894945
7894950
7894955
7894961
7894965
7894970
7894974
7894976
7894981
7894982
7894983
7894984
7894988
7894991
7894992
7894994
7895000
7895004
7895009
7895010
7895020
7895026
7895032
7895033
7895036
7895047
7895050
7895057
7895062
7895065
7895067
7895070
7895072
7895080
7895084
7895087
7895094
7895100
7895104
7895105
7895114
7895115
7895137
7895144
7895145
7895154
7895156
7895160
7895162
7895165
7895167
7895168
7895169
7895172
7895176
7895184
7895186
7895189
7895192
7895193
7895196
7895197
7895206
7895207
7895208
7895215
7895216
7895220
7895223
7895224
7895230
7895232
7895233
7895235
7895239
7895247
7895248
7895249
7895252
7895254
7895261
7895265
7895267
7895269
7895276
7895280
7895284
7895295
7895298
7895299
7895300
7895301
7895302
7895306
7895310
7895312
7895314
7895317
7895319
7895323
7895326
7895330
7895342
7895358
7895360
7895362
7895373
7895376
7895382
7895391
7895392
7895394
7895398
7895399
7895405
7895406
7895410
7895412
7895418
7895419
7895429
7895430
7895432
7895435
7895439
7895444
7895461
7895463
7895466
7895467
7895470
7895471
7895473
7895476
7895482
7895483
7895486
7895491
7895495
7895496
7895497
7895502
7895505
7895506
7895510
7895511
7895513
7895516
7895522
7895525
7895534
7895536
7895538
7895540
7895544
7895547
7895551
7895557
7895559
7895561
7895562
7895564
7895567
7895585
7895589
7895596
7895598
7895599
7895601
7895609
7895627
7895630
7895631
7895633
7895646
7895647
7895651
7895652
7895656
7895657
7895660
7895674
7895678
7895680
7895690
7895692
7895696
7895704
7895709
7895710
7895711
7895712
7895713
7895714
7895715
7895722
7895723
7895731
7895733
7895744
7895745
7895746
7895756
7895758
7895761
7895765
7895766
7895774
7895779
7895780
7895782
7895786
7895787
7895795
7895796
7895799
7895802
7895803
7895808
7895810
7895812
7895815
7895819
7895826
7895827
7895840
7895844
7895852
7895853
7895857
7895872
7895880
7895881
7895885
7895890
7895895
7895896
7895899
7895912
7895917
7895918
7895920
7895922
7895924
7895929
7895931
7895934
7895937
7895938
7895941
7895945
7895947
7895956
7895960
7895963
7895965
7895969
7895975
7895979
7895981
7895991
7895995
7895998
7896004
7896017
7896020
7896021
7896031
7896038
7896039
7896045
7896055
7896056
7896058
7896059
7896060
7896064
7896065
7896076
7896077
7896078
7896082
7896086
7896087
7896090
7896095
7896103
7896107
7896115
7896116
7896121
7896126
7896132
7896137
7896142
7896144
7896149
7896150
7896152
7896156
7896160
7896176
7896183
7896185
7896192
7896193
7896194
7896198
7896201
7896210
7896212
7896213
7896214
7896227
7896228
7896231
7896232
7896235
7896244
7896251
7896252
7896254
7896256
7896264
7896266
7896270
7896271
7896274
7896275
7896279
7896282
7896295
7896297
7896306
7896308
7896333
7896341
7896345
7896346
7896347
7896353
7896362
7896366
7896367
7896369
7896378
7896380
7896384
7896387
7896410
7896412
7896417
7896418
7896421
7896422
7896426
7896446
7896448
7896451
7896454
7896458
7896463
7896464
7896468
7896472
7896477
7896480
7896481
7896487
7896488
7896496
7896497
7896498
7896500
7896501
7896504
7896508
7896511
7896512
7896516
7896517
7896518
7896521
7896523
7896526
7896532
7896542
7896549
7896553
7896582
7896594
7896595
7896600
7896603
7896606
7896608
7896609
7896614
7896620
7896624
7896631
7896632
7896633
7896634
7896639
7896642
7896646
7896647
7896656
7896657
7896663
7896673
7896676
7896679
7896683
7896685
7896746
7896863
7897044
7897078
7897236
7897280
7897288
7897368
7897370
7897404
7897441
7897469
7897559
7897620
7897661
7897663
7897691
7897745
7897753
7897803
7897824
7897877
7897955
7897964
7898034
7898070
7898115
7898161
7898167
7898211
7898328
7898337
7898373
7898407
7898448
7898483
7898521
7898585
7898616
7898655
7898736
7898793
7898805
7898809
7898881
7898957
7899005
7899071
7899101
7899160
7899173
7899187
7899220
7899244
7899251
7899323
7899436
7899484
7899504
7899534
7899688
7899753
7899795
7899797
7899829
7899849
7899905
7899927
7899955
7900119
7900167
7900183
7900365
7900382
7900409
7900426
7900546
7900585
7900609
7900635
7900683
7900699
7900833
7900888
7901038
7901046
7901110
7901192
7901299
7901361
7901363
7901418
7901443
7901447
7901466
7901513
7901535
7901565
7901675
7901687
7901746
7901765
7901788
7901804
7901852
7901854
7902023
7902036
7902104
7902127
7902158
7902205
7902365
7902398
7902441
7902448
7902452
7902476
7902518
7902592
7902594
7902634
7902687
7902738
7902874
7902883
7902909
7902965
7903022
7903032
7903092
7903162
7903183
7903292
7903355
7903358
7903393
7903407
7903455
7903457
7903507
7903541
7903565
7903742
7903803
7903827
7903893
7903935
7903980
7904036
7904082
7904084
7904226
7904244
7904252
7904287
7904303
7904314
7904421
7904431
7904452
7904463
7904469
7904482
7904574
7904695
7904702
7904751
7904863
7904879
7904959
7904976
7905020
7905028
7905043
7905060
7905088
7905092
7905116
7905131
7905145
7905185
7905220
7905339
7905349
7905395
7905406
7905444
7905507
7905563
7905571
7905598
7905664
7905700
7905754
7905881
7905929
7905974
7906021
7906056
7906061
7906072
7906107
7906140
7906177
7906264
7906307
7906330
7906348
7906377
7906386
7906475
7906486
7906552
7906576
7906602
7906613
7906622
7906662
7906720
7906757
7906767
7906777
7906819
7906904
7906930
7906954
7906969
7907051
7907058
7907104
7907135
7907160
7907349
7907633
7907649
7907657
7907680
7907690
7907788
7907830
7907893
7908003
7908072
7908097
7908125
7908147
7908161
7908376
7908388
7908409
7908421
7908459
7908508
7908591
7908593
7908595
7908635
7908672
7908692
7908728
7908777
7908779
7908940
7908966
7908968
7908978
7909064
7909155
7909164
7909175
7909214
7909225
7909285
7909332
7909390
7909400
7909510
7909545
7909568
7909603
7909610
7909689
7909708
7909730
7909745
7909813
7909815
7909862
7909877
7909890
7909931
7909946
7909990
7910030
7910111
7910217
7910229
7910265
7910385
7910387
7910446
7910583
7910587
7910589
7910591
7910630
7910692
7910694
7910901
7910905
7910915
7910944
7910950
7910997
7911114
7911138
7911178
7911213
7911231
7911235
7911243
7911258
7911265
7911269
7911271
7911289
7911341
7911383
7911532
7911568
7911591
7911600
7911754
7911793
7911799
7911839
7911854
7911941
7911989
7912145
7912166
7912194
7912196
7912224
7912257
7912385
7912511
7912659
7912701
7912784
7912854
7912928
7912937
7913001
7913256
7913357
7913380
7913415
7913450
7913593
7913644
7913682
7913824
7913850
7913852
7913858
7913883
7914094
7914112
7914153
7914182
7914184
7914489
7914498
7914525
7914550
7914628
7914648
7914764
7914791
7914847
7914851
7914878
7914940
7914950
7915078
7915091
7915101
7915130
7915156
7915202
7915207
7915227
7915275
7915286
7915333
7915347
7915385
7915392
7915543
7915567
7915598
7915718
7915733
7915787
7915801
7915846
7915919
7915926
7915951
7915995
7916022
7916075
7916135
7916167
7916227
7916246
7916274
7916372
7916443
7916487
7916493
7916562
7916564
7916609
7916627
7916741
7916808
7916836
7916898
7916969
7917037
7917052
7917120
7917240
7917283
7917338
7917431
7917561
7917612
7917634
7917645
7917649
7917670
7917672
7917697
7917707
7917754
7917779
7917885
7917944
7917976
7917996
7918026
7918034
7918149
7918153
7918223
7918255
7918323
7918379
7918394
7918416
7918457
7918533
7918634
7918657
7918703
7918725
7918749
7918759
7918794
7918813
7918857
7918876
7918900
7919047
7919080
7919088
7919133
7919157
7919193
7919208
7919226
7919271
7919326
7919351
7919388
7919390
7919438
7919574
7919584
7919596
7919606
7919614
7919645
7919659
7919669
7919729
7919780
7919787
7919852
7919856
7919969
7919971
7919984
7920047
7920128
7920201
7920341
7920382
7920422
7920472
7920515
7920575
7920664
7920725
7920744
7920757
7920795
7920873
7920903
7921033
7921076
7921110
7921121
7921133
7921275
7921434
7921471
7921473
7921526
7921583
7921621
7921625
7921637
7921677
7921713
7921738
7921786
7921862
7921868
7921882
7921909
7921970
7922040
7922051
7922121
7922125
7922152
7922174
7922219
7922343
7922462
7922504
7922523
7922627
7922637
7922656
7922689
7922773
7922846
7922887
7922992
7923027
7923086
7923119
7923131
7923141
7923173
7923189
7923319
7923394
7923453
7923503
7923596
7923608
7923621
7923753
7923792
7923798
7923889
7923907
7923974
7923976
7923978
7923991
7924069
7924092
7924117
7924166
7924233
7924307
7924405
7924495
7924499
7924508
7924636
7924758
7924773
7924817
7924821
7924863
7924868
7924888
7924969
7925028
7925062
7925089
7925126
7925130
7925184
7925257
7925320
7925342
7925434
7925531
7925550
7925561
7925565
7925609
7925677
7925687
7925728
7925739
7925743
7925792
7925821
7925870
7925929
7925978
7926105
7926223
7926239
7926259
7926297
7926345
7926368
7926445
7926451
7926484
7926506
7926539
7926541
7926543
7926545
7926596
7926805
7926807
7926819
7926821
7926851
7926875
7926894
7927008
7927186
7927215
7927405
7927560
7927606
7927647
7927710
7927732
7927786
7927854
7927874
7927926
7927964
7928019
7928064
7928107
7928218
7928300
7928318
7928365
7928429
7928444
7928471
7928630
7928695
7928746
7928855
7928870
7928944
7928959
7928999
7929012
7929032
7929061
7929078
7929116
7929168
7929243
7929258
7929282
7929288
7929322
7929334
7929438
7929466
7929511
7929541
7929574
7929609
7929677
7929689
7929750
7929779
7929816
7929919
7929986
7929990
7930031
7930276
7930304
7930376
7930380
7930413
7930454
7930482
7930487
7930524
7930663
7930682
7930837
7930882
7930919
7930954
7930980
7930996
7931081
7931159
7931204
7931214
7931293
7931346
7931353
7931379
7931387
7931405
7931519
7931556
7931582
7931840
7931850
7931852
7931863
7931873
7931899
7931926
7931930
7931951
7932069
7932082
7932086
7932109
7932118
7932130
7932160
7932407
7932433
7932492
7932495
7932584
7932678
7932744
7932765
7932792
7932867
7932883
7932911
7932962
7932985
7933010
7933084
7933113
7933115
7933129
7933147
7933190
7933204
7933209
7933217
7933237
7933312
7933379
7933437
7933469
7933488
7933535
7933574
7933659
7933707
7933872
7933945
7933947
7933976
7933999
7934093
7934122
7934161
7934166
7934185
7934196
7934255
7934278
7934326
7934367
7934384
7934513
7934615
7934708
7934717
7934733
7934753
7934755
7934898
7934906
7934945
7934970
7934997
7935027
7935054
7935058
7935180
7935230
7935270
7935337
7935403
7935462
7935510
7935553
7935572
7935588
7935863
7935882
7935910
7935951
7935983
7936115
7936201
7936242
7936463
7936494
7936516
7936529
7936578
7936637
7936639
7936706
7936762
7936809
7936856
7936884
7936937
7936966
7937014
7937020
7937039
7937208
7937314
7937330
7937335
7937474
7937533
7937711
7937728
7937735
7937772
7937782
7937802
7937823
7937876
7937915
7937936
7937938
7938059
7938070
7938072
7938100
7938128
7938170
7938183
7938269
7938286
7938291
7938366
7938368
7938485
7938563
7938588
7938590
7938608
7938629
7938652
7938685
7938730
7938738
7938777
7938812
7939131
7939137
7939173
7939265
7939376
7939383
7939398
7939424
7939494
7939507
7939546
7939569
7939590
7939665
7939751
7939825
7939839
7939871
7939902
7939950
7939954
7939961
7939971
7940020
7940028
7940046
7940051
7940070
7940079
7940160
7940216
7940237
7940259
7940287
7940391
7940451
7940473
7940508
7940530
7940580
7940667
7940762
7940840
7940914
7941039
7941127
7941148
7941203
7941382
7941425
7941469
7941563
7941583
7941621
7941685
7941707
7941709
7941714
7941961
7941985
7942123
7942204
7942255
7942267
7942300
7942328
7942342
7942381
7942400
7942417
7942453
7942476
7942503
7942544
7942562
7942596
7942647
7942679
7942697
7942717
7942791
7942798
7942832
7942875
7942879
7942964
7943160
7943162
7943226
7943240
7943288
7943349
7943376
7943442
7943552
7943577
7943605
7943709
7943803
7943853
7943882
7943892
7943917
7943919
7943998
7944011
7944152
7944179
7944185
7944223
7944275
7944285
7944300
7944335
7944359
7944401
7944435
7944493
7944510
7944554
7944623
7944722
7944763
7944791
7944803
7944931
7944955
7945058
7945101
7945110
7945130
7945162
7945182
7945204
7945275
7945296
7945357
7945377
7945420
7945521
7945573
7945645
7945648
7945652
7945663
7945666
7945734
7945786
7945831
7945875
7945882
7945896
7945944
7945954
7946008
7946017
7946033
7946041
7946054
7946067
7946073
7946087
7946105
7946221
7946228
7946278
7946280
7946286
7946334
7946340
7946365
7946401
7946446
7946563
7946567
7946569
7946579
7946610
7946635
7946742
7946757
7946815
7946851
7946933
7947027
7947040
7947110
7947127
7947136
7947138
7947165
7947221
7947228
7947248
7947268
7947270
7947274
7947361
7947394
7947423
7947434
7947450
7947462
7947481
7947531
7947540
7947551
7947553
7947681
7947694
7947740
7947784
7947861
7947867
7947991
7948058
7948123
7948131
7948211
7948221
7948229
7948320
7948324
7948332
7948364
7948379
7948399
7948444
7948455
7948493
7948588
7948606
7948612
7948643
7948696
7948718
7948775
7948879
7948937
7948995
7949015
7949058
7949273
7949275
7949277
7949327
7949364
7949410
7949412
7949454
7949482
7949496
7949503
7949540
7949545
7949553
7949592
7949619
7949650
7949679
7949717
7949776
7949798
7949808
7949904
7949931
7949948
7950128
7950136
7950235
7950336
7950391
7950473
7950501
7950578
7950628
7950671
7950731
7950743
7950762
7950838
7950864
7950899
7950906
7950977
7951077
7951091
7951144
7951157
7951246
7951309
7951339
7951351
7951385
7951397
7951408
7951420
7951429
7951485
7951497
7951596
7951672
7951679
7951838
7951896
7952056
7952069
7952103
7952185
7952290
7952305
7952350
7952392
7952396
7952400
7952408
7952453
7952484
7952488
7952503
7952526
7952577
7952617
7952673
7952707
7952739
7952768
7952830
7952884
7952953
7953040
7953130
7953135
7953211
7953218
7953252
7953264
7953291
7953321
7953351
7953383
7953385
7953390
7953409
7953418
7953428
7953442
7953518
7953520
7953532
7953603
7953699
7953715
7953723
7953737
7953901
7953914
7953924
7953949
7953981
7954021
7954029
7954090
7954143
7954185
7954196
7954310
7954375
7954419
7954434
7954460
7954481
7954503
7954511
7954559
7954589
7954604
7954717
7954729
7954752
7954810
7954864
7954926
7954961
7954965
7954997
7955078
7955142
7955156
7955195
7955248
7955250
7955277
7955464
7955469
7955635
7955637
7955721
7955736
7955829
7955943
7955974
7956001
7956013
7956031
7956242
7956271
7956301
7956401
7956488
7956539
7956593
7956785
7956795
7956826
7956856
7956867
7956878
7956892
7956978
7956989
7957023
7957072
7957092
7957106
7957126
7957242
7957260
7957271
7957298
7957338
7957417
7957476
7957514
7957549
7957551
7957673
7957715
7957793
7957806
7957850
7957861
7957962
7958019
7958051
7958174
7958197
7958202
7958211
7958346
7958410
7958453
7958466
7958600
7958749
7958784
7958895
7959016
7959023
7959052
7959078
7959123
7959146
7959153
7959164
7959205
7959249
7959267
7959314
7959322
7959354
7959361
7959473
7959535
7959563
7959572
7959586
7959623
7959657
7959751
7959777
7959880
7959882
7959995
7960052
7960068
7960134
7960150
7960177
7960201
7960253
7960261
7960283
7960338
7960340
7960357
7960362
7960365
7960529
7960575
7960702
7960794
7960828
7960848
7960865
7960874
7960896
7960900
7961022
7961024
7961026
7961059
7961069
7961083
7961120
7961142
7961151
7961166
7961230
7961339
7961386
7961390
7961399
7961440
7961453
7961489
7961532
7961546
7961593
7961693
7961829
7961875
7961891
7961964
7961983
7962058
7962085
7962112
7962212
7962325
7962349
7962499
7962516
7962559
7962625
7962689
7962760
7962783
7962842
7962869
7962904
7962951
7963009
7963024
7963054
7963064
7963157
7963187
7963244
7963261
7963513
7963575
7963614
7963646
7963670
7963770
7963774
7963817
7963880
7963946
7963986
7964076
7964145
7964203
7964234
7964246
7964250
7964262
7964271
7964316
7964360
7964400
7964413
7964436
7964466
7964522
7964535
7964577
7964579
7964631
7964646
7964660
7964701
7964736
7964739
7964745
7964757
7964787
7964834
7964981
7964983
7965040
7965048
7965064
7965090
7965094
7965108
7965112
7965123
7965156
7965226
7965335
7965357
7965423
7965478
7965480
7965486
7965510
7965541
7965565
7965606
7965836
7965873
7965918
7965956
7966035
7966046
7966072
7966089
7966127
7966150
7966223
7966293
7966448
7966600
7966666
7966686
7966738
7966749
7966760
7966878
7966938
7967002
7967021
7967030
7967109
7967175
7967202
7967287
7967318
7967322
7967412
7967544
7967563
7967588
7967622
7967658
7967707
7967870
7967881
7967933
7967987
7968029
7968197
7968236
7968252
7968254
7968272
7968297
7968331
7968333
7968344
7968484
7968563
7968577
7968637
7968711
7968883
7968890
7968928
7968972
7968976
7968999
7969017
7969096
7969129
7969153
7969202
7969271
7969341
7969370
7969414
7969438
7969531
7969533
7969544
7969596
7969609
7969626
7969640
7969651
7969736
7969770
7969776
7969835
7969861
7969916
7969986
7969995
7970031
7970139
7970162
7970317
7970347
7970370
7970376
7970381
7970395
7970455
7970513
7970524
7970565
7970672
7970676
7970696
7970735
7970737
7970828
7970924
7970989
7971184
7971191
7971222
7971243
7971350
7971375
7971386
7971388
7971461
7971486
7971513
7971539
7971561
7971563
7971565
7971573
7971602
7971620
7971653
7971661
7971663
7971723
7971780
7971820
7971866
7971911
7971922
7971950
7971967
7972055
7972062
7972069
7972255
7972297
7972369
7972414
7972420
7972487
7972548
7972557
7972577
7972723
7972745
7972805
7972826
7972828
7972899
7972912
7972923
7973002
7973032
7973054
7973067
7973101
7973105
7973108
7973110
7973116
7973135
7973149
7973221
7973303
7973352
7973427
7973458
7973580
7973584
7973613
7973629
7973660
7973724
7973732
7973743
7973748
7973826
7973840
7973850
7973918
7973924
7973966
7973974
7974066
7974125
7974146
7974270
7974316
7974363
7974425
7974471
7974576
7974587
7974617
7974647
7974689
7974771
7974816
7974835
7974920
7975095
7975121
7975136
7975167
7975238
7975268
7975292
7975311
7975344
7975368
7975455
7975459
7975521
7975632
7975799
7975813
7975926
7975971
7976012
7976059
7976080
7976156
7976200
7976292
7976436
7976515
7976544
7976576
7976598
7976648
7976766
7976778
7976795
7976814
7976836
7976838
7976844
7976863
7976957
7977003
7977033
7977046
7977161
7977201
7977241
7977294
7977319
7977371
7977397
7977418
7977440
7977445
7977456
7977480
7977497
7977567
7977615
7977674
7977786
7977906
7977955
7977965
7977987
7978093
7978107
7978132
7978239
7978272
7978285
7978351
7978366
7978405
7978407
7978428
7978538
7978544
7978586
7978666
7978718
7978739
7978760
7978766
7978776
7978801
7978831
7978833
7978905
7978917
7978956
7979125
7979127
7979196
7979307
7979328
7979365
7979412
7979437
7979444
7979505
7979574
7979615
7979694
7979725
7979743
7979820
7979824
7979888
7979902
7979916
7980005
7980044
7980152
7980189
7980233
7980296
7980358
7980438
7980454
7980537
7980700
7980744
7980765
7980891
7980970
7981046
7981068
7981142
7981157
7981192
7981233
7981249
7981283
7981290
7981460
7981494
7981530
7981601
7981718
7981722
7981724
7981728
7981730
7981732
7981737
7981740
7981893
7981909
7981919
7981943
7981955
7981960
7981962
7981964
7981966
7981970
7981976
7981978
7981986
7981988
7981990
7981994
7981996
7981998
7982062
7982070
7982100
7982187
7982204
7982206
7982230
7982252
7982287
7982309
7982326
7982358
7982392
7982529
7982531
7982564
7982593
7982597
7982663
7982703
7982712
7982757
7982792
7982812
7982878
7982889
7982927
7982985
7983123
7983132
7983143
7983145
7983228
7983306
7983360
7983512
7983594
7983616
7983661
7983663
7983773
7983890
7983910
7983922
7983926
7983951
7983969
7983991
7984016
7984077
7984079
7984132
7984213
7984319
7984453
7984475
7984538
7984540
7984562
7984620
7984624
7984641
7984704
7984846
7985053
7985066
7985089
7985134
7985213
7985226
7985240
7985248
7985253
7985317
7985431
7985444
7985507
7985555
7985587
7985662
7985757
7985767
7985829
7985873
7985981
7985997
7986010
7986049
7986092
7986110
7986132
7986160
7986214
7986293
7986336
7986340
7986359
7986383
7986411
7986428
7986442
7986444
7986463
7986603
7986637
7986701
7986744
7986755
7986757
7986769
7987110
7987112
7987137
7987145
7987180
7987248
7987279
7987325
7987361
7987385
7987403
7987475
7987511
7987623
7987772
7987892
7987916
7987960
7988031
7988033
7988050
7988093
7988208
7988260
7988283
7988414
7988426
7988444
7988467
7988605
7988672
7988703
7988789
7988852
7988876
7988921
7988970
7989023
7989094
7989126
7989132
7989277
7989335
7989347
7989387
7989476
7989516
7989596
7989617
7989647
7989657
7989670
7989696
7989725
7989785
7989975
7989985
7990033
7990090
7990231
7990244
7990253
7990429
7990452
7990457
7990487
7990540
7990555
7990582
7990620
7990652
7990757
7990830
7990848
7990963
7991017
7991070
7991126
7991283
7991296
7991406
7991427
7991469
7991602
7991630
7991640
7991714
7991722
7991735
7991758
7991766
7991835
7991917
7992071
7992219
7992293
7992302
7992463
7992529
7992568
7992594
7992646
7992656
7992682
7992692
7992732
7992887
7993035
7993071
7993114
7993148
7993179
7993248
7993281
7993458
7993478
7993608
7993638
7993713
7993756
7993776
7993807
7993833
7994026
7994109
7994131
7994161
7994187
7994265
7994280
7994292
7994308
7994345
7994518
7994541
7994572
7994576
7994655
7994737
7994756
7994769
7994813
7994826
7994928
7994985
7995007
7995055
7995096
7995128
7995161
7995237
7995252
7995263
7995320
7995328
7995330
7995336
7995342
7995344
7995348
7995350
7995352
7995377
7995417
7995440
7995477
7995539
7995629
7995655
7995681
7995783
7995793
7995806
7995825
7995843
7995907
7995976
7996027
7996051
7996064
7996081
7996100
7996211
7996260
7996377
7996391
7996393
7996455
7996490
7996571
7996593
7996608
7996725
7996744
7996761
7996883
7996908
7996934
7996943
7996976
7997025
7997245
7997247
7997272
7997372
7997381
7997427
7997491
7997525
7997556
7997582
7997633
7997642
7997662
7997680
7997712
7997726
7997765
7997852
7997875
7997896
7997904
7997909
7998015
7998053
7998103
7998157
7998174
7998211
7998222
7998233
7998251
7998265
7998457
7998510
7998692
7998724
7998749
7998759
7998843
7998852
7998927
7998940
7998952
7998983
7999025
7999044
7999079
7999120
7999217
7999279
7999382
7999404
7999406
7999412
7999468
7999476
7999520
7999532
7999596
7999674
7999752
7999834
8000131
8000184
8000244
8000284
8000329
8000375
8000409
8000411
8000507
8000574
8000582
8000603
8000614
8000632
8000651
8000690
8000706
8000738
8000791
8000910
8000917
8001070
8001104
8001133
8001197
8001211
8001350
8001392
8001394
8001455
8001477
8001507
8001531
8001564
8001576
8001587
8001782
8001816
8001876
8001953
8002041
8002082
8002087
8002237
8002249
8002260
8002266
8002272
8002289
8002320
8002342
8002347
8002403
8002421
8002629
8002667
8002762
8002802
8002830
8002865
8002941
8003060
8003075
8003158
8003171
8003210
8003249
8003263
8003298
8003313
8003322
8003348
8003410
8003425
8003465
8003467
8003576
8003583
8003611
8003619
8003633
8003667
8003700
8003733
8003758
8003844
8003846
8003889
8003903
8003939
8003953
8004057
8004081
8004133
8004152
8004165
8004201
8004237
8004247
8004271
8004360
8004404
8004431
8004497
8004510
8004521
8004699
8004922
8004938
8005097
8005110
8005141
8005191
8005247
8005399
8005441
8005449
8005501
8005549
8005630
8005638
8005661
8005679
8005689
8005699
8005747
8005753
8005761
8005765
8005809
8005829
8005839
8005847
8005994
8006028
8006112
8006123
8006181
8006183
8006214
8006367
8006392
8006415
8006433
8006479
8006531
8006627
8006779
8006788
8006845
8006850
8006877
8006896
8006906
8007028
8007100
8007188
8007212
8007272
8007290
8007302
8007323
8007397
8007435
8007441
8007569
8007584
8007620
8007701
8007715
8007730
8007757
8007799
8007803
8007848
8007867
8007919
8007921
8008052
8008064
8008074
8008087
8008096
8008185
8008208
8008493
8008517
8008530
8008588
8008598
8008627
8008644
8008646
8008682
8008700
8008702
8008716
8008782
8008784
8008825
8008834
8008870
8008967
8008982
8009243
8009277
8009301
8009334
8009351
8009513
8009533
8009568
8009662
8009693
8009713
8009737
8009755
8009761
8009796
8009873
8009875
8009913
8010012
8010030
8010071
8010078
8010086
8010137
8010186
8010260
8010295
8010328
8010354
8010405
8010512
8010562
8010590
8010638
8010664
8010702
8010770
8010778
8010780
8010787
8010832
8010915
8010918
8010924
8010983
8011009
8011011
8011018
8011027
8011062
8011114
8011141
8011193
8011222
8011262
8011324
8011343
8011407
8011462
8011480
8011516
8011542
8011626
8011713
8011747
8011774
8011826
8011832
8011850
8012004
8012006
8012013
8012028
8012110
8012126
8012218
8012220
8012247
8012285
8012304
8012397
8012403
8012450
8012464
8012466
8012475
8012539
8012558
8012581
8012598
8012605
8012726
8012830
8012837
8012856
8012918
8012924
8012931
8012951
8012961
8013094
8013109
8013112
8013259
8013294
8013329
8013331
8013341
8013399
8013465
8013473
8013533
8013570
8013616
8013633
8013641
8013660
8013671
8013741
8013812
8013906
8013923
8013985
8014033
8014037
8014063
8014214
8014241
8014248
8014257
8014282
8014316
8014369
8014397
8014574
8014633
8014666
8014749
8014755
8014768
8014787
8014825
8014871
8014891
8014925
8014974
8015031
8015039
8015232
8015280
8015490
8015526
8015545
8015572
8015590
8015635
8015655
8015769
8015991
8016033
8016086
8016147
8016213
8016245
8016261
8016285
8016300
8016371
8016414
8016468
8016476
8016508
8016540
8016562
8016590
8016609
8016708
8016739
8016787
8016847
8016878
8016891
8016909
8016932
8016947
8017010
8017039
8017061
8017100
8017106
8017143
8017150
8017210
8017212
8017235
8017460
8017480
8017547
8017621
8017711
8017736
8017776
8017843
8017927
8017964
8018038
8018082
8018095
8018114
8018169
8018177
8018184
8018189
8018305
8018324
8018400
8018439
8018482
8018694
8018708
8018731
8018803
8018849
8018870
8018906
8018922
8018966
8018975
8019018
8019031
8019061
8019149
8019183
8019211
8019250
8019263
8019316
8019357
8019559
8019563
8019588
8019599
8019649
8019651
8019687
8019716
8019731
8019737
8019762
8019765
8019778
8019807
8019842
8019857
8019912
8019954
8019988
8020058
8020110
8020179
8020183
8020226
8020267
8020308
8020343
8020382
8020411
8020464
8020491
8020493
8020495
8020668
8020722
8020779
8020842
8020847
8020919
8020930
8020955
8021001
8021047
8021147
8021181
8021187
8021199
8021228
8021365
8021438
8021614
8021635
8021645
8021653
8021664
8021668
8021783
8021818
8021826
8021905
8021966
8022022
8022043
8022106
8022145
8022170
8022174
8022249
8022251
8022279
8022283
8022295
8022393
8022441
8022488
8022514
8022612
8022653
8022711
8022745
8022747
8022763
8022912
8022914
8022994
8023043
8023063
8023078
8023080
8023159
8023165
8023175
8023191
8023228
8023252
8023261
8023382
8023415
8023450
8023466
8023596
8023646
8023656
8023757
8023864
8023882
8023920
8023935
8023955
8024003
8024019
8024038
8024048
8024056
8024062
8024111
8024170
8024194
8024238
8024255
8024331
8024356
8024391
8024436
8024444
8024446
8024485
8024511
8024518
8024582
8024584
8024623
8024708
8024792
8024829
8024885
8024900
8024909
8024934
8025053
8025179
8025183
8025255
8025285
8025321
8025328
8025351
8025382
8025414
8025421
8025452
8025478
8025506
8025522
8025563
8025601
8025612
8025672
8025766
8025826
8025828
8025868
8025927
8025998
8026007
8026024
8026106
8026155
8026170
8026193
8026212
8026341
8026383
8026424
8026440
8026468
8026579
8026638
8026687
8026806
8026821
8026875
8026895
8026954
8026971
8026991
8027002
8027018
8027024
8027053
8027169
8027205
8027247
8027258
8027297
8027304
8027363
8027381
8027390
8027402
8027543
8027556
8027584
8027674
8027692
8027760
8027778
8027824
8027884
8028058
8028104
8028117
8028119
8028162
8028172
8028213
8028219
8028266
8028279
8028309
8028311
8028332
8028380
8028570
8028791
8028806
8028872
8028916
8029029
8029056
8029098
8029182
8029188
8029236
8029273
8029306
8029311
8029347
8029353
8029560
8029592
8029671
8029693
8029710
8029814
8029907
8029914
8029950
8030007
8030064
8030092
8030133
8030171
8030197
8030212
8030292
8030368
8030374
8030383
8030391
8030470
8030569
8030630
8030641
8030706
8030782
8030804
8030842
8030860
8030866
8030914
8030925
8030939
8030982
8031031
8031200
8031207
8031213
8031223
8031238
8031297
8031328
8031374
8031516
8031536
8031632
8031646
8031690
8031768
8031784
8031792
8031815
8031825
8031857
8031865
8031867
8031884
8031992
8032076
8032094
8032149
8032224
8032365
8032507
8032518
8032525
8032608
8032682
8032815
8032834
8032871
8032972
8033097
8033135
8033162
8033207
8033257
8033332
8033392
8033445
8033460
8033479
8033554
8033605
8033674
8033740
8033789
8033912
8033960
8033987
8034034
8034043
8034122
8034210
8034332
8034344
8034420
8034448
8034514
8034583
8034615
8034694
8034696
8034698
8034747
8034772
8034890
8034920
8034983
8035078
8035236
8035304
8035351
8035380
8035456
8035465
8035477
8035494
8035551
8035553
8035566
8035694
8035714
8035795
8035829
8035838
8035847
8035855
8035859
8035880
8035896
8035958
8036004
8036033
8036045
8036176
8036224
8036252
8036430
8036483
8036503
8036525
8036557
8036636
8036707
8036755
8036777
8036808
8036813
8036862
8036867
8036881
8036923
8036956
8037005
8037071
8037222
8037231
8037315
8037331
8037374
8037387
8037430
8037444
8037453
8037459
8037502
8037513
8037579
8037608
8037614
8037642
8037695
8037737
8037762
8037816
8037835
8037888
8037913
8037970
8037991
8038139
8038192
8038213
8038261
8038299
8038326
8038487
8038547
8038556
8038633
8038707
8038716
8038725
8038760
8038809
8038824
8038852
8038874
8038899
8038949
8038960
8038998
8039013
8039017
8039025
8039096
8039109
8039120
8039166
8039212
8039273
8039378
8039413
8039484
8039491
8039545
8039607
8039645
8039655
8039672
8039674
8039680
8039698
8039719
8039730
8039771
8039791
8039796
8039842
8039859
8039871
8039896
8039905
8039923
8039928
8039947
8040068
8040101
8040223
8040231
8040249
8040340
8040419
8040456
8040467
8040486
8040503
8040547
8040552
8040576
8040632
8040639
8040698
8040712
8040753
8040792
8040815
8040898
8040985
8041031
8041048
8041061
8041149
8041179
8041223
8041255
8041283
8041383
8041422
8041447
8041540
8041592
8041617
8041727
8041781
8041826
8041867
8041902
8041967
8041995
8042059
8042062
8042066
8042115
8042195
8042211
8042221
8042306
8042356
8042391
8042413
8042416
8042495
8042501
8042513
8042515
8042637
8042696
8042843
8042867
8042925
8042942
8042986
8043020
8043022
8043100
8043105
8043114
8043203
8043209
8043218
8043236
8043251
8043276
8043310
8043393
8043423
8043426
8043433
8043438
8043443
8043446
8043449
8043465
8043468
8043470
8043476
8043480
8043487
8043502
8043512
8043570
8043602
8043697
8043718
8043791
8043861
8043902
8043945
8043993
8043995
8044008
8044021
8044049
8044111
8044149
8044225
8044295
8044351
8044375
8044391
8044450
8044499
8044512
8044532
8044574
8044605
8044613
8044640
8044766
8044791
8044793
8044813
8044919
8044963
8045018
8045083
8045090
8045157
8045198
8045277
8045279
8045301
8045323
8045334
8045398
8045425
8045453
8045499
8045514
8045525
8045539
8045581
8045587
8045688
8045793
8045848
8045889
8045933
8046116
8046124
8046147
8046186
8046213
8046238
8046279
8046306
8046408
8046428
8046515
8046527
8046555
8046590
8046680
8046822
8046836
8046895
8047097
8047127
8047187
8047262
8047265
8047288
8047370
8047379
8047403
8047459
8047538
8047659
8047692
8047702
8047784
8047815
8047910
8048081
8048112
8048120
8048195
8048205
8048234
8048249
8048272
8048283
8048411
8048432
8048445
8048489
8048595
8048647
8048703
8048712
8048752
8048847
8048864
8048898
8048926
8048940
8048976
8049128
8049137
8049180
8049317
8049435
8049478
8049635
8049689
8049847
8049906
8049957
8049998
8050071
8050215
8050240
8050427
8050443
8050474
8050497
8050503
8050507
8050654
8050656
8050813
8050846
8050924
8050942
8051001
8051066
8051135
8051215
8051298
8051322
8051387
8051396
8051427
8051443
8051464
8051547
8051666
8051746
8051773
8051777
8051812
8051820
8051956
8051963
8052004
8052016
8052054
8052058
8052269
8052355
8052370
8052380
8052382
8052399
8052562
8052581
8052585
8052626
8052674
8052721
8052747
8052798
8052803
8052866
8052872
8052940
8053059
8053142
8053183
8053231
8053388
8053447
8053484
8053533
8053574
8053599
8053610
8053648
8053690
8053713
8053725
8053728
8053731
8053733
8053761
8053775
8053801
8053834
8053842
8053901
8053949
8053998
8054054
8054064
8054092
8054131
8054154
8054192
8054227
8054308
8054329
8054344
8054364
8054377
8054439
8054449
8054477
8054513
8054580
8054766
8054769
8054794
8054834
8054872
8054939
8054945
8054978
8054997
8055104
8055204
8055214
8055222
8055261
8055273
8055277
8055305
8055314
8055350
8055377
8055406
8055476
8055486
8055590
8055624
8055645
8055672
8055702
8055711
8055872
8055948
8055980
8056102
8056113
8056151
8056184
8056222
8056285
8056323
8056327
8056361
8056408
8056491
8056572
8056716
8056753
8056766
8056784
8056798
8056909
8056966
8056993
8057394
8057517
8057557
8057561
8057599
8057677
8057719
8057732
8057898
8057933
8058052
8058091
8058118
8058127
8058161
8058203
8058295
8058340
8058390
8058477
8058498
8058520
8058614
8058765
8058824
8058837
8058869
8058927
8058973
8058997
8059071
8059097
8059158
8059177
8059222
8059301
8059319
8059350
8059361
8059376
8059387
8059576
8059650
8059672
8059731
8059744
8059783
8059801
8059838
8060020
8060063
8060082
8060103
8060225
8060320
8060379
8060418
8060526
8060528
8060675
8060722
8060734
8060736
8060758
8060813
8060835
8060854
8060895
8060897
8060949
8060988
8061019
8061035
8061186
8061211
8061222
8061272
8061305
8061402
8061404
8061416
8061447
8061483
8061497
8061579
8061653
8061668
8061685
8061715
8061746
8061946
8062016
8062211
8062251
8062286
8062319
8062326
8062339
8062371
8062409
8062444
8062461
8062532
8062539
8062555
8062695
8062766
8062971
8062981
8063011
8063024
8063028
8063043
8063078
8063177
8063187
8063211
8063313
8063337
8063351
8063382
8063386
8063410
8063458
8063473
8063497
8063583
8063607
8063650
8063739
8063761
8063785
8063793
8063814
8063835
8063903
8064031
8064100
8064175
8064191
8064216
8064218
8064302
8064319
8064336
8064351
8064375
8064388
8064432
8064451
8064471
8064485
8064581
8064601
8064790
8064842
8064844
8064879
8064952
8064978
8065018
8065045
8065196
8065323
8065325
8065353
8065359
8065372
8065403
8065421
8065444
8065469
8065517
8065527
8065537
8065550
8065563
8065603
8065607
8065612
8065630
8065637
8065752
8065756
8065758
8065798
8065817
8065963
8066027
8066051
8066117
8066200
8066214
8066262
8066266
8066273
8066279
8066382
8066417
8066444
8066498
8066567
8066609
8066641
8066697
8066716
8066745
8066757
8066786
8066822
8066848
8066905
8066939
8066953
8066983
8066985
8067040
8067055
8067113
8067155
8067167
8067279
8067727
8067743
8067756
8067798
8067818
8067869
8067903
8067932
8067944
8067978
8068022
8068024
8068044
8068062
8068083
8068100
8068151
8068161
8068168
8068202
8068218
8068235
8068305
8068353
8068375
8068410
8068422
8068512
8068612
8068662
8068671
8068761
8068810
8068833
8068902
8068974
8069026
8069085
8069332
8069348
8069399
8069472
8069508
8069541
8069553
8069561
8069574
8069668
8069764
8069845
8069855
8069872
8069880
8069985
8070010
8070083
8070160
8070269
8070297
8070341
8070603
8070708
8070826
8070853
8070961
8071036
8071042
8071049
8071061
8071063
8071069
8071084
8071179
8071204
8071206
8071212
8071234
8071272
8071276
8071332
8071382
8071426
8071444
8071504
8071566
8071642
8071662
8071691
8071713
8071768
8071783
8071806
8071819
8071907
8072007
8072009
8072143
8072153
8072189
8072302
8072316
8072346
8072360
8072400
8072407
8072482
8072486
8072488
8072529
8072610
8072626
8072645
8072659
8072678
8072705
8072744
8072825
8072847
8072876
8072894
8072924
8072926
8073007
8073013
8073022
8073032
8073056
8073062
8073068
8073072
8073096
8073114
8073194
8073345
8073457
8073548
8073573
8073612
8073733
8073799
8073842
8073858
8074003
8074020
8074059
8074061
8074082
8074108
8074131
8074192
8074237
8074251
8074261
8074286
8074388
8074399
8074458
8074498
8074522
8074558
8074569
8074615
8074789
8074791
8074806
8074856
8074880
8074890
8074931
8074956
8074991
8075009
8075089
8075217
8075263
8075365
8075390
8075401
8075406
8075477
8075483
8075507
8075542
8075633
8075657
8075673
8075720
8075728
8075857
8075886
8075910
8075956
8076025
8076046
8076128
8076185
8076331
8076384
8076403
8076441
8076455
8076481
8076511
8076563
8076569
8076584
8076586
8076690
8076744
8076792
8076894
8076998
8077103
8077198
8077211
8077250
8077262
8077299
8077366
8077376
8077595
8077652
8077663
8077731
8077768
8077770
8077786
8077858
8077914
8077942
8077989
8077993
8078014
8078066
8078138
8078187
8078225
8078227
8078252
8078270
8078350
8078397
8078435
8078442
8078450
8078529
8078569
8078605
8078619
8078650
8078688
8078729
8078738
8078784
8078805
8078857
8078956
8078999
8079019
8079037
8079074
8079099
8079124
8079153
8079163
8079170
8079204
8079237
8079274
8079279
8079368
8079392
8079422
8079462
8079517
8079563
8079598
8079613
8079615
8079630
8079693
8079733
8079744
8079746
8079796
8079839
8079869
8079896
8079919
8079950
8079999
8080093
8080121
8080128
8080226
8080344
8080419
8080487
8080509
8080511
8080619
8080645
8080685
8080714
8080781
8080847
8080878
8080896
8080911
8080936
8080938
8080958
8080991
8080998
8081065
8081067
8081128
8081158
8081171
8081206
8081210
8081214
8081241
8081335
8081337
8081348
8081354
8081358
8081386
8081427
8081503
8081537
8081564
8081590
8081612
8081645
8081676
8081758
8081786
8081989
8082035
8082058
8082120
8082229
8082314
8082350
8082408
8082431
8082478
8082504
8082585
8082607
8082673
8082750
8082767
8082786
8082795
8082816
8082869
8083000
8083025
8083034
8083063
8083092
8083166
8083214
8083310
8083333
8083360
8083407
8083422
8083445
8083457
8083469
8083523
8083546
8083594
8083605
8083690
8083707
8083779
8083790
8083839
8083850
8083852
8083901
8083933
8084035
8084064
8084122
8084206
8084213
8084215
8084323
8084360
8084423
8084488
8084524
8084694
8084715
8084766
8084794
8084810
8084818
8084832
8084904
8084912
8084917
8084929
8085026
8085081
8085112
8085138
8085220
8085253
8085287
8085293
8085300
8085370
8085431
8085571
8085606
8085608
8085628
8085665
8085714
8085730
8085754
8085768
8085772
8085774
8085788
8085797
8085815
8085852
8085946
8085954
8086028
8086344
8086352
8086417
8086451
8086457
8086465
8086467
8086482
8086494
8086505
8086517
8086540
8086555
8086600
8086754
8086842
8087100
8087119
8087145
8087182
8087210
8087250
8087254
8087271
8087337
8087405
8087409
8087419
8087433
8087481
8087513
8087611
8087653
8087833
8087839
8087860
8087951
8088047
8088128
8088151
8088174
8088219
8088397
8088474
8088476
8088478
8088480
8088602
8088642
8088664
8088680
8088745
8088776
8088813
8088848
8088905
8088919
8089000
8089007
8089013
8089072
8089082
8089145
8089203
8089230
8089249
8089283
8089299
8089372
8089407
8089438
8089448
8089464
8089478
8089519
8089527
8089568
8089647
8089652
8089659
8089714
8089723
8089771
8089795
8089835
8089875
8089928
8089999
8090162
8090277
8090395
8090420
8090469
8090490
8090503
8090509
8090518
8090533
8090559
8090567
8090577
8090715
8090770
8090803
8090893
8090988
8091032
8091099
8091101
8091186
8091241
8091283
8091306
8091385
8091411
8091452
8091511
8091523
8091537
8091637
8091678
8091696
8091737
8091778
8091922
8091954
8091972
8092000
8092002
8092035
8092134
8092162
8092177
8092201
8092230
8092241
8092265
8092358
8092392
8092409
8092514
8092523
8092564
8092686
8092691
8092707
8092724
8092849
8092978
8093039
8093086
8093137
8093256
8093272
8093294
8093298
8093304
8093320
8093343
8093500
8093624
8093665
8093685
8093858
8093878
8093906
8093936
8093961
8093976
8093993
8094028
8094032
8094093
8094190
8094240
8094251
8094278
8094408
8094499
8094520
8094533
8094556
8094574
8094599
8094625
8094638
8094677
8094739
8094743
8094759
8094778
8094789
8094830
8094948
8094974
8094986
8095043
8095080
8095148
8095161
8095185
8095214
8095216
8095230
8095303
8095343
8095376
8095380
8095422
8095491
8095562
8095585
8095680
8095688
8095728
8095736
8095744
8095854
8095868
8095894
8095986
8096004
8096025
8096116
8096301
8096314
8096415
8096457
8096511
8096669
8096675
8096733
8096744
8096765
8096781
8096808
8096821
8097066
8097098
8097128
8097288
8097356
8097435
8097443
8097449
8097513
8097543
8097626
8097655
8097685
8097753
8097829
8097841
8097857
8097903
8097938
8097957
8097973
8098084
8098103
8098121
8098165
8098170
8098195
8098240
8098244
8098263
8098326
8098379
8098423
8098500
8098512
8098556
8098604
8098707
8098752
8098822
8098902
8098924
8098942
8099073
8099121
8099132
8099144
8099172
8099242
8099246
8099259
8099304
8099326
8099340
8099362
8099368
8099449
8099471
8099476
8099504
8099524
8099612
8099631
8099633
8099649
8099717
8099817
8099826
8099850
8099965
8099967
8100015
8100026
8100109
8100145
8100292
8100298
8100306
8100376
8100428
8100464
8100495
8100523
8100530
8100553
8100555
8100603
8100782
8100791
8100798
8100819
8100827
8100834
8100868
8100902
8100943
8100962
8100964
8100966
8100984
8100994
8101011
8101013
8101086
8101228
8101284
8101376
8101411
8101449
8101511
8101622
8101624
8101718
8101788
8101839
8101844
8101952
8101957
8101971
8101992
8102050
8102076
8102200
8102212
8102328
8102362
8102389
8102415
8102450
8102482
8102587
8102610
8102636
8102643
8102655
8102730
8102751
8102800
8102839
8102869
8102912
8102938
8102950
8102998
8103043
8103106
8103206
8103244
8103374
8103376
8103399
8103415
8103437
8103452
8103508
8103520
8103544
8103630
8103644
8103646
8103706
8103728
8103822
8103951
8103975
8104070
8104122
8104166
8104234
8104268
8104394
8104492
8104506
8104570
8104590
8104654
8104656
8104693
8104723
8104725
8104727
8104746
8104758
8104760
8104838
8104901
8104930
8105061
8105067
8105077
8105153
8105191
8105267
8105302
8105328
8105331
8105340
8105384
8105411
8105436
8105463
8105487
8105506
8105579
8105583
8105585
8105633
8105663
8105741
8105778
8105801
8105987
8105991
8106096
8106107
8106122
8106280
8106303
8106354
8106403
8106411
8106418
8106429
8106475
8106709
8106722
8106730
8106743
8106763
8106776
8107044
8107098
8107119
8107125
8107129
8107204
8107307
8107321
8107373
8107421
8107458
8107470
8107563
8107591
8107613
8107632
8107691
8107706
8107814
8107857
8107909
8107934
8108015
8108127
8108166
8108217
8108256
8108299
8108301
8108422
8108424
8108475
8108603
8108749
8108873
8108903
8108905
8109086
8109157
8109201
8109283
8109303
8109326
8109333
8109344
8109350
8109424
8109426
8109438
8109475
8109484
8109507
8109563
8109597
8109712
8109732
8109773
8109802
8109830
8109843
8109938
8109975
8109981
8110018
8110043
8110055
8110090
8110106
8110169
8110318
8110437
8110463
8110491
8110522
8110562
8110618
8110629
8110678
8110708
8110821
8110841
8110886
8110932
8110971
8110982
8111101
8111136
8111197
8111271
8111360
8111443
8111474
8111524
8111584
8111739
8111788
8111814
8111922
8111925
8111941
8111952
8112041
8112070
8112107
8112220
8112274
8112285
8112302
8112327
8112331
8112337
8112409
8112428
8112469
8112491
8112519
8112564
8112596
8112615
8112649
8112746
8112772
8112803
8112807
8112857
8112890
8112892
8112902
8112914
8112918
8112940
8113003
8113214
8113250
8113303
8113346
8113369
8113491
8113542
8113660
8113664
8113705
8113707
8113717
8113773
8113784
8113800
8113873
8113879
8113914
8114006
8114010
8114050
8114193
8114207
8114239
8114245
8114249
8114263
8114300
8114320
8114396
8114425
8114443
8114491
8114511
8114518
8114536
8114567
8114572
8114612
8114658
8114787
8114845
8114861
8114920
8114938
8114991
8115010
8115068
8115076
8115122
8115196
8115327
8115346
8115375
8115445
8115464
8115490
8115600
8115666
8115677
8115865
8115873
8115948
8115957
8116086
8116128
8116227
8116313
8116335
8116372
8116418
8116494
8116559
8116582
8116653
8116655
8116658
8116707
8116734
8116740
8116818
8116835
8116848
8116867
8116874
8116992
8116998
8117032
8117054
8117118
8117165
8117170
8117243
8117321
8117343
8117372
8117377
8117408
8117415
8117447
8117458
8117476
8117485
8117498
8117522
8117533
8117572
8117589
8117640
8117655
8117675
8118076
8118093
8118111
8118147
8118207
8118249
8118324
8118544
8118607
8118611
8118804
8118833
8118932
8118945
8119016
8119034
8119102
8119132
8119153
8119169
8119198
8119227
8119394
8119444
8119525
8119609
8119661
8119712
8119842
8119882
8119898
8119974
8120043
8120057
8120059
8120067
8120088
8120165
8120215
8120222
8120239
8120269
8120275
8120279
8120315
8120335
8120552
8120585
8120602
8120654
8120719
8120758
8120824
8120833
8120838
8120880
8120927
8120961
8120967
8121002
8121015
8121031
8121064
8121095
8121251
8121257
8121269
8121392
8121429
8121485
8121489
8121510
8121525
8121588
8121596
8121632
8121685
8121782
8121794
8121814
8121861
8121911
8121916
8121947
8122038
8122045
8122136
8122194
8122242
8122259
8122263
8122327
8122365
8122405
8122426
8122464
8122554
8122561
8122658
8122672
8122684
8122827
8122843
8122860
8122865
8123006
8123038
8123062
8123181
8123274
8123303
8123315
8123364
8123494
8123520
8123598
8123609
8123621
8123644
8123728
8123744
8123767
8123825
8123929
8123936
8124040
8124082
8124088
8124129
8124166
8124185
8124273
8124305
8124307
8124388
8124406
8124423
8124448
8124457
8124469
8124484
8124583
8124588
8124775
8124868
8125289
8125436
8125447
8125461
8125463
8125563
8125750
8125752
8125766
8125825
8125835
8125959
8126018
8126035
8126058
8126066
8126163
8126173
8126259
8126279
8126296
8126303
8126312
8126347
8126371
8126402
8126442
8126450
8126474
8126512
8126627
8126646
8126784
8126952
8127065
8127128
8127145
8127177
8127180
8127234
8127370
8127542
8127563
8127743
8127776
8127778
8127854
8127943
8128013
8128052
8128133
8128247
8128356
8128394
8128445
8128522
8128572
8128592
8128620
8128650
8128777
8128837
8128886
8129045
8129099
8129179
8129254
8129317
8129330
8129363
8129410
8129456
8129458
8129482
8129497
8129573
8129590
8129618
8129677
8129695
8129728
8129763
8129783
8129804
8129861
8129937
8129943
8129963
8130003
8130011
8130087
8130116
8130211
8130370
8130406
8130408
8130422
8130438
8130474
8130499
8130622
8130628
8130645
8130674
8130783
8130785
8130891
8130927
8130962
8130988
8131013
8131042
8131044
8131067
8131135
8131140
8131143
8131296
8131337
8131381
8131475
8131539
8131600
8131612
8131614
8131631
8131803
8131811
8131813
8131831
8131881
8131925
8131927
8131942
8131944
8131949
8131965
8131967
8132031
8132045
8132055
8132118
8132151
8132218
8132305
8132318
8132347
8132399
8132406
8132458
8132515
8132690
8132725
8132911
8132929
8133008
8133010
8133012
8133034
8133049
8133070
8133106
8133112
8133114
8133119
8133167
8133192
8133273
8133314
8133372
8133434
8133531
8133625
8133654
8133704
8133754
8133860
8133876
8133896
8133900
8133914
8133938
8133983
8134211
8134219
8134257
8134318
8134351
8134384
8134564
8134680
8134699
8134712
8134777
8134814
8134821
8134890
8134907
8134981
8134992
8135031
8135048
8135099
8135181
8135211
8135216
8135235
8135250
8135275
8135363
8135458
8135497
8135514
8135576
8135587
8135638
8135734
8135835
8135874
8135929
8135955
8135969
8136080
8136115
8136177
8136248
8136315
8136341
8136388
8136469
8136495
8136535
8136578
8136602
8136610
8136647
8136656
8136807
8136837
8136889
8136930
8136932
8136940
8136954
8136971
8137008
8137044
8137081
8137101
8137112
8137202
8137215
8137219
8137240
8137244
8137250
8137264
8137381
8137404
8137464
8137483
8137485
8137526
8137596
8137680
8137693
8137715
8137781
8137802
8137865
8137927
8137942
8137959
8138007
8138030
8138045
8138091
8138147
8138202
8138258
8138277
8138287
8138361
8138381
8138392
8138454
8138466
8138531
8138542
8138592
8138596
8138602
8138670
8138721
8138735
8138749
8138776
8138789
8138797
8138805
8138822
8138824
8138882
8138920
8139015
8139017
8139021
8139033
8139057
8139083
8139100
8139107
8139121
8139125
8139128
8139165
8139198
8139207
8139244
8139256
8139430
8139433
8139456
8139468
8139484
8139697
8139706
8139767
8139786
8139794
8139816
8139832
8139840
8139843
8139845
8139879
8139883
8139889
8139921
8139933
8139947
8139966
8139975
8139977
8140033
8140035
8140037
8140129
8140170
8140196
8140220
8140227
8140239
8140258
8140269
8140280
8140291
8140317
8140319
8140356
8140424
8140433
8140463
8140534
8140668
8140709
8140782
8140878
8140915
8140955
8140965
8141050
8141052
8141076
8141107
8141133
8141166
8141206
8141241
8141263
8141395
8141477
8141490
8141526
8141625
8141643
8141708
8141762
8141803
8141829
8141872
8141882
8141896
8141950
8142019
8142036
8142102
8142104
8142110
8142120
8142136
8142194
8142232
8142270
8142332
8142343
8142345
8142405
8142407
8142415
8142468
8142471
8142522
8142554
8142628
8142663
8142671
8142697
8142770
8142795
8142878
8142886
8142899
8142912
8143065
8143070
8143154
8143209
8143307
8143367
8143441
8143471
8143534
8143564
8143661
8143684
8143733
8143749
8143759
8143766
8143781
8143863
8143939
8143961
8143988
8144112
8144281
8144584
8144619
8144625
8144669
8144699
8144701
8144712
8144742
8144758
8144857
8144864
8144894
8144917
8144931
8145134
8145136
8145244
8145281
8145291
8145293
8145418
8145490
8145529
8145532
8145555
8145570
8145603
8145611
8145652
8145669
8145685
8145736
8145818
8145865
8145889
8146159
8146171
8146268
8146285
8146305
8146324
8146334
8146357
8146388
8146429
8146448
8146458
8146517
8146550
8146579
8146687
8146709
8146717
8146794
8146908
8146921
8146934
8146955
8147012
8147019
8147040
8147065
8147101
8147112
8147132
8147262
8147303
8147313
8147483
8147503
8147516
8147654
8147717
8147756
8147766
8147785
8148059
8148158
8148184
8148208
8148263
8148265
8148270
8148302
8148304
8148333
8148461
8148476
8148517
8148591
8148615
8148949
8148992
8149071
8149086
8149109
8149137
8149195
8149208
8149210
8149214
8149226
8149228
8149230
8149248
8149258
8149307
8149315
8149330
8149345
8149347
8149365
8149396
8149438
8149448
8149475
8149534
8149551
8149574
8149638
8149673
8149685
8149707
8149718
8149720
8149733
8149762
8149847
8149955
8150014
8150034
8150076
8150087
8150089
8150159
8150161
8150165
8150186
8150197
8150206
8150210
8150214
8150253
8150266
8150274
8150356
8150364
8150586
8150590
8150592
8150722
8150785
8150846
8150870
8150881
8150906
8150908
8150960
8150978
8150988
8151056
8151066
8151090
8151101
8151211
8151281
8151296
8151308
8151310
8151401
8151411
8151421
8151445
8151510
8151512
8151540
8151549
8151559
8151633
8151644
8151684
8151747
8151788
8151795
8151871
8151890
8151906
8151931
8151942
8152031
8152094
8152111
8152148
8152376
8152453
8152506
8152597
8152617
8152664
8152701
8152750
8152782
8152812
8152845
8152867
8152900
8152976
8153002
8153175
8153262
8153328
8153363
8153409
8153457
8153474
8153536
8153550
8153568
8153664
8153704
8153823
8153838
8153890
8153920
8153935
8154151
8154178
8154207
8154211
8154215
8154217
8154305
8154333
8154388
8154416
8154523
8154531
8154574
8154622
8154666
8154760
8154779
8154823
8154934
8155200
8155214
8155246
8155301
8155497
8155596
8155602
8155665
8155673
8155707
8155754
8155824
8155849
8155946
8156103
8156116
8156160
8156194
8156199
8156228
8156253
8156278
8156393
8156452
8156476
8156521
8156523
8156549
8156569
8156577
8156601
8156610
8156633
8156688
8156770
8156935
8156945
8157092
8157105
8157144
8157191
8157193
8157216
8157246
8157253
8157270
8157300
8157308
8157324
8157516
8157524
8157650
8157691
8157700
8157727
8157731
8157761
8157804
8157890
8157939
8157945
8157976
8158009
8158057
8158059
8158112
8158123
8158145
8158212
8158224
8158240
8158298
8158446
8158568
8158686
8158725
8158739
8158783
8158866
8158939
8158952
8158961
8158998
8159006
8159127
8159142
8159249
8159275
8159283
8159373
8159441
8159476
8159549
8159566
8159609
8159642
8159687
8159692
8159838
8159900
8159961
8159992
8160011
8160033
8160086
8160088
8160168
8160213
8160236
8160258
8160297
8160317
8160332
8160360
8160405
8160439
8160441
8160487
8160521
8160531
8160555
8160559
8160637
8160670
8160718
8160722
8160771
8160782
8160968
8160981
8161026
8161044
8161056
8161147
8161169
8161238
8161249
8161255
8161270
8161353
8161362
8161388
8161405
8161415
8161437
8161442
8161446
8161451
8161499
8161503
8161513
8161520
8161558
8161563
8161580
8161587
8161701
8161755
8161829
8161854
8161919
8161964
8162006
8162019
8162059
8162086
8162132
8162147
8162249
8162254
8162264
8162276
8162352
8162421
8162502
8162531
8162568
8162601
8162610
8162669
8162759
8162803
8162902
8162908
8162927
8162936
8163013
8163063
8163185
8163253
8163257
8163383
8163428
8163437
8163452
8163485
8163491
8163629
8163712
8163731
8163775
8163784
8163825
8163892
8163896
8163936
8164008
8164034
8164129
8164131
8164194
8164215
8164217
8164235
8164304
8164314
8164572
8164692
8164853
8164883
8164896
8164907
8164967
8165011
8165107
8165156
8165217
8165255
8165258
8165334
8165345
8165406
8165610
8165644
8165648
8165653
8165656
8165669
8165674
8165703
8165705
8165866
8166015
8166028
8166049
8166059
8166065
8166072
8166094
8166104
8166179
8166211
8166243
8166408
8166500
8166525
8166565
8166632
8166663
8166665
8166671
8166690
8166730
8166872
8166906
8166948
8167006
8167013
8167069
8167103
8167125
8167163
8167165
8167185
8167254
8167270
8167287
8167305
8167322
8167334
8167369
8167449
8167603
8167625
8167742
8167758
8167763
8167790
8167815
8167835
8167912
8167957
8167965
8168062
8168087
8168098
8168107
8168146
8168179
8168280
8168359
8168424
8168458
8168463
8168500
8168517
8168524
8168553
8168589
8168646
8168678
8168691
8168794
8168817
8168868
8168875
8168884
8168892
8168968
8168984
8169000
8169009
8169015
8169022
8169028
8169044
8169158
8169210
8169291
8169294
8169419
8169459
8169473
8169580
8169603
8169657
8169683
8169750
8169792
8169836
8169898
8169949
8169995
8170009
8170027
8170119
8170196
8170210
8170230
8170298
8170364
8170428
8170602
8170635
8170644
8170803
8170882
8170891
8170906
8170955
8171013
8171024
8171079
8171199
8171203
8171216
8171222
8171229
8171295
8171297
8171334
8171435
8171481
8171537
8171561
8171587
8171684
8171823
8171834
8171844
8171848
8171876
8171901
8172028
8172035
8172043
8172088
8172110
8172191
8172197
8172225
8172280
8172296
8172333
8172387
8172471
8172520
8172698
8172708
8172713
8172722
8172781
8172827
8172876
8172914
8173005
8173009
8173135
8173162
8173164
8173174
8173189
8173287
8173340
8173349
8173360
8173373
8173430
8173444
8173503
8173506
8173531
8173551
8173583
8173600
8173605
8173607
8173615
8173627
8173766
8173825
8173917
8173941
8173955
8173979
8174005
8174045
8174076
8174086
8174092
8174119
8174141
8174193
8174201
8174207
8174239
8174251
8174271
8174277
8174351
8174496
8174509
8174513
8174576
8174610
8174642
8174654
8174767
8174794
8174891
8174893
8174968
8174970
8174985
8175016
8175052
8175076
8175169
8175177
8175217
8175299
8175319
8175492
8175537
8175539
8175558
8175574
8175593
8175609
8175616
8175724
8175782
8175811
8175844
8175924
8175947
8176026
8176093
8176109
8176133
8176174
8176230
8176234
8176243
8176245
8176253
8176282
8176286
8176297
8176306
8176375
8176384
8176395
8176419
8176460
8176532
8176566
8176578
8176624
8176698
8176709
8176719
8176737
8177003
8177114
8177118
8177120
8177137
8177191
8177201
8177227
8177232
8177261
8177347
8177403
8177498
8177507
8177527
8177560
8177635
8177658
8177669
8177744
8178011
8178136
8178193
8178244
8178476
8178489
8178609
8178833
8178841
8178903
8179011
8179103
8179174
8179205
8179228
8179263
8179313
8179326
8179391
8179440
8179555
8179595
8179628
8179638
8179683
8179768
8179819
8179861
8179913
8179958
8180049
8180061
8180093
8180196
8180197
8180204
8180210
8180217
8180218
8180220
8180229
8180232
8180239
8180240
8180246
8180256
8180257
8180259
8180260
8180261
8180263
8180264
8180268
8180269
8180282
8180284
8180285
8180286
8180293
8180298
8180300
8180305
8180306
8180310
8180312
8180331
8180332
8180335
8180340
8180344
8180345
8180359
8180367
8180372
8180373
8180376
8180394
8180397
8180398
8180399
8180403
8180406
8180408
8180409
8180411
